保存时间: 2025-12-14 17:06:21
train_acc: 0.8759263059488793
test_acc: 0.9131743353550094
f1_macro: 0.8999272811513657
f1_weighted: 0.913108426496061
